45
1 0 1
1 0 2
1 0 3
1 0 4
1 0 5
1 0 6
1 0 7
1 0 8
1 0 9
1 0 10

0 1 11  0
0 2 12  1
0 3 13  2
0 4 14  3
0 5 15  4
0 6 16  5
0 7 17  6
0 8 18  7
0 9 19  8
0 10 20 9

1 11  21
1 12  21
1 13  21
1 14  21
1 15  21
1 16  21
1 17  21
1 18  21
1 19  21
1 20 21


1 21 22
1 21 43


1 22 23
1 22 24
1 22 25
1 22 26
1 22 27
1 22 28
1 22 29
1 22 20
1 22 31
1 22 32

0 23 33 0
0 24 34 1
0 25 35 2
0 26 36 3
0 27 37 4
0 28 38 5
0 29 39 6
0 20 30 7
0 31 41 8
0 32 42 9

1 33 43
1 34 43
1 35 43
1 36 43
1 37 43
1 38 43
1 39 43
1 30 43
1 41 43
1 42 43


1 43 22

1 43 44
