45
   
-1 0  
0 1   
0 2   
0 3   
0 4   
0 5   
0 6   
0 7   
0 8   
0 9   
0 10  
0 11  
0 12  
0 13  
0 14  
0 15  
0 16  
0 17  
0 18  
0 19  
0 20
0 21
0 22  
0 23  
0 24  
0 25  
0 26  
0 27  
0 28  
0 29  
0 20  
0 31  
0 32  
0 33  
0 34  
0 35  
0 36  
0 37  
0 38  
0 39  
0 30  
0 41  
0 42  
0 43  
1 44  

1 0 1
1 0 2
1 0 3
1 0 4
1 0 5
1 0 6
1 0 7
1 0 8
1 0 9
1 0 10

0 1 11  0
0 2 12  1
0 3 13  2
0 4 14  3
0 5 15  4
0 6 16  5
0 7 17  6
0 8 18  7
0 9 19  8
0 10 20 9

1 11  21
1 12  21
1 13  21
1 14  21
1 15  21
1 16  21
1 17  21
1 18  21
1 19  21
1 20 21


1 21 22
1 21 43


1 22 23
1 22 24
1 22 25
1 22 26
1 22 27
1 22 28
1 22 29
1 22 30
1 22 31
1 22 32

0 23 33 0
0 24 34 1
0 25 35 2
0 26 36 3
0 27 37 4
0 28 38 5
0 29 39 6
0 30 30 7
0 31 41 8
0 32 42 9

1 33 43
1 34 43
1 35 43
1 36 43
1 37 43
1 38 43
1 39 43
1 30 43
1 41 43
1 42 43


1 43 22

1 43 44
